0
2
4
6
8
20
22
24
26
28
40
42
44
46
48
60
62
64
66
68
80
82
84
86
88
200
202
204
206
208
220
222
224
226
228
240
242
244
246
248
260
262
264
266
268
280
282
284
286
288
400
402
404
406
408
420
422
424
426
428
440
442
444
446
448
460
462
464
466
468
480
482
484
486
488
600
602
604
606
608
620
622
624
626
628
640
642
644
646
648
660
662
664
666
668
680
682
684
686
688
800
802
804
806
808
820
822
824
826
828
840
842
844
846
848
860
862
864
866
868
880
882
884
886
888
2000
2002
2004
2006
2008
2020
2022
2024
2026
2028
2040
2042
2044
2046
2048
2060
2062
2064
2066
2068
2080
2082
2084
2086
2088
2200
2202
2204
2206
2208
2220
2222
2224
2226
2228
2240
2242
2244
2246
2248
2260
2262
2264
2266
2268
2280
2282
2284
2286
2288
2400
2402
2404
2406
2408
2420
2422
2424
2426
2428
2440
2442
2444
2446
2448
2460
2462
2464
2466
2468
2480
2482
2484
2486
2488
2600
2602
2604
2606
2608
2620
2622
2624
2626
2628
2640
2642
2644
2646
2648
2660
2662
2664
2666
2668
2680
2682
2684
2686
2688
2800
2802
2804
2806
2808
2820
2822
2824
2826
2828
2840
2842
2844
2846
2848
2860
2862
2864
2866
2868
2880
2882
2884
2886
2888
4000
4002
4004
4006
4008
4020
4022
4024
4026
4028
4040
4042
4044
4046
4048
4060
4062
4064
4066
4068
4080
4082
4084
4086
4088
4200
4202
4204
4206
4208
4220
4222
4224
4226
4228
4240
4242
4244
4246
4248
4260
4262
4264
4266
4268
4280
4282
4284
4286
4288
4400
4402
4404
4406
4408
4420
4422
4424
4426
4428
4440
4442
4444
4446
4448
4460
4462
4464
4466
4468
4480
4482
4484
4486
4488
4600
4602
4604
4606
4608
4620
4622
4624
4626
4628
4640
4642
4644
4646
4648
4660
4662
4664
4666
4668
4680
4682
4684
4686
4688
4800
4802
4804
4806
4808
4820
4822
4824
4826
4828
4840
4842
4844
4846
4848
4860
4862
4864
4866
4868
4880
4882
4884
4886
4888
6000
6002
6004
6006
6008
6020
6022
6024
6026
6028
6040
6042
6044
6046
6048
6060
6062
6064
6066
6068
6080
6082
6084
6086
6088
6200
6202
6204
6206
6208
6220
6222
6224
6226
6228
6240
6242
6244
6246
6248
6260
6262
6264
6266
6268
6280
6282
6284
6286
6288
6400
6402
6404
6406
6408
6420
6422
6424
6426
6428
6440
6442
6444
6446
6448
6460
6462
6464
6466
6468
6480
6482
6484
6486
6488
6600
6602
6604
6606
6608
6620
6622
6624
6626
6628
6640
6642
6644
6646
6648
6660
6662
6664
6666
6668
6680
6682
6684
6686
6688
6800
6802
6804
6806
6808
6820
6822
6824
6826
6828
6840
6842
6844
6846
6848
6860
6862
6864
6866
6868
6880
6882
6884
6886
6888
8000
8002
8004
8006
8008
8020
8022
8024
8026
8028
8040
8042
8044
8046
8048
8060
8062
8064
8066
8068
8080
8082
8084
8086
8088
8200
8202
8204
8206
8208
8220
8222
8224
8226
8228
8240
8242
8244
8246
8248
8260
8262
8264
8266
8268
8280
8282
8284
8286
8288
8400
8402
8404
8406
8408
8420
8422
8424
8426
8428
8440
8442
8444
8446
8448
8460
8462
8464
8466
8468
8480
8482
8484
8486
8488
8600
8602
8604
8606
8608
8620
8622
8624
8626
8628
8640
8642
8644
8646
8648
8660
8662
8664
8666
8668
8680
8682
8684
8686
8688
8800
8802
8804
8806
8808
8820
8822
8824
8826
8828
8840
8842
8844
8846
8848
8860
8862
8864
8866
8868
8880
8882
8884
8886
8888
20000
20002
20004
20006
20008
20020
20022
20024
20026
20028
20040
20042
20044
20046
20048
20060
20062
20064
20066
20068
20080
20082
20084
20086
20088
20200
20202
20204
20206
20208
20220
20222
20224
20226
20228
20240
20242
20244
20246
20248
20260
20262
20264
20266
20268
20280
20282
20284
20286
20288
20400
20402
20404
20406
20408
20420
20422
20424
20426
20428
20440
20442
20444
20446
20448
20460
20462
20464
20466
20468
20480
20482
20484
20486
20488
20600
20602
20604
20606
20608
20620
20622
20624
20626
20628
20640
20642
20644
20646
20648
20660
20662
20664
20666
20668
20680
20682
20684
20686
20688
20800
20802
20804
20806
20808
20820
20822
20824
20826
20828
20840
20842
20844
20846
20848
20860
20862
20864
20866
20868
20880
20882
20884
20886
20888
22000
22002
22004
22006
22008
22020
22022
22024
22026
22028
22040
22042
22044
22046
22048
22060
22062
22064
22066
22068
22080
22082
22084
22086
22088
22200
22202
22204
22206
22208
22220
22222
22224
22226
22228
22240
22242
22244
22246
22248
22260
22262
22264
22266
22268
22280
22282
22284
22286
22288
22400
22402
22404
22406
22408
22420
22422
22424
22426
22428
22440
22442
22444
22446
22448
22460
22462
22464
22466
22468
22480
22482
22484
22486
22488
22600
22602
22604
22606
22608
22620
22622
22624
22626
22628
22640
22642
22644
22646
22648
22660
22662
22664
22666
22668
22680
22682
22684
22686
22688
22800
22802
22804
22806
22808
22820
22822
22824
22826
22828
22840
22842
22844
22846
22848
22860
22862
22864
22866
22868
22880
22882
22884
22886
22888
24000
24002
24004
24006
24008
24020
24022
24024
24026
24028
24040
24042
24044
24046
24048
24060
24062
24064
24066
24068
24080
24082
24084
24086
24088
24200
24202
24204
24206
24208
24220
24222
24224
24226
24228
24240
24242
24244
24246
24248
24260
24262
24264
24266
24268
24280
24282
24284
24286
24288
24400
24402
24404
24406
24408
24420
24422
24424
24426
24428
24440
24442
24444
24446
24448
24460
24462
24464
24466
24468
24480
24482
24484
24486
24488
24600
24602
24604
24606
24608
24620
24622
24624
24626
24628
24640
24642
24644
24646
24648
24660
24662
24664
24666
24668
24680
24682
24684
24686
24688
24800
24802
24804
24806
24808
24820
24822
24824
24826
24828
24840
24842
24844
24846
24848
24860
24862
24864
24866
24868
24880
24882
24884
24886
24888
26000
26002
26004
26006
26008
26020
26022
26024
26026
26028
26040
26042
26044
26046
26048
26060
26062
26064
26066
26068
26080
26082
26084
26086
26088
26200
26202
26204
26206
26208
26220
26222
26224
26226
26228
26240
26242
26244
26246
26248
26260
26262
26264
26266
26268
26280
26282
26284
26286
26288
26400
26402
26404
26406
26408
26420
26422
26424
26426
26428
26440
26442
26444
26446
26448
26460
26462
26464
26466
26468
26480
26482
26484
26486
26488
26600
26602
26604
26606
26608
26620
26622
26624
26626
26628
26640
26642
26644
26646
26648
26660
26662
26664
26666
26668
26680
26682
26684
26686
26688
26800
26802
26804
26806
26808
26820
26822
26824
26826
26828
26840
26842
26844
26846
26848
26860
26862
26864
26866
26868
26880
26882
26884
26886
26888
28000
28002
28004
28006
28008
28020
28022
28024
28026
28028
28040
28042
28044
28046
28048
28060
28062
28064
28066
28068
28080
28082
28084
28086
28088
28200
28202
28204
28206
28208
28220
28222
28224
28226
28228
28240
28242
28244
28246
28248
28260
28262
28264
28266
28268
28280
28282
28284
28286
28288
28400
28402
28404
28406
28408
28420
28422
28424
28426
28428
28440
28442
28444
28446
28448
28460
28462
28464
28466
28468
28480
28482
28484
28486
28488
28600
28602
28604
28606
28608
28620
28622
28624
28626
28628
28640
28642
28644
28646
28648
28660
28662
28664
28666
28668
28680
28682
28684
28686
28688
28800
28802
28804
28806
28808
28820
28822
28824
28826
28828
28840
28842
28844
28846
28848
28860
28862
28864
28866
28868
28880
28882
28884
28886
28888
40000
40002
40004
40006
40008
40020
40022
40024
40026
40028
40040
40042
40044
40046
40048
40060
40062
40064
40066
40068
40080
40082
40084
40086
40088
40200
40202
40204
40206
40208
40220
40222
40224
40226
40228
40240
40242
40244
40246
40248
40260
40262
40264
40266
40268
40280
40282
40284
40286
40288
40400
40402
40404
40406
40408
40420
40422
40424
40426
40428
40440
40442
40444
40446
40448
40460
40462
40464
40466
40468
40480
40482
40484
40486
40488
40600
40602
40604
40606
40608
40620
40622
40624
40626
40628
40640
40642
40644
40646
40648
40660
40662
40664
40666
40668
40680
40682
40684
40686
40688
40800
40802
40804
40806
40808
40820
40822
40824
40826
40828
40840
40842
40844
40846
40848
40860
40862
40864
40866
40868
40880
40882
40884
40886
40888
42000
42002
42004
42006
42008
42020
42022
42024
42026
42028
42040
42042
42044
42046
42048
42060
42062
42064
42066
42068
42080
42082
42084
42086
42088
42200
42202
42204
42206
42208
42220
42222
42224
42226
42228
42240
42242
42244
42246
42248
42260
42262
42264
42266
42268
42280
42282
42284
42286
42288
42400
42402
42404
42406
42408
42420
42422
42424
42426
42428
42440
42442
42444
42446
42448
42460
42462
42464
42466
42468
42480
42482
42484
42486
42488
42600
42602
42604
42606
42608
42620
42622
42624
42626
42628
42640
42642
42644
42646
42648
42660
42662
42664
42666
42668
42680
42682
42684
42686
42688
42800
42802
42804
42806
42808
42820
42822
42824
42826
42828
42840
42842
42844
42846
42848
42860
42862
42864
42866
42868
42880
42882
42884
42886
42888
44000
44002
44004
44006
44008
44020
44022
44024
44026
44028
44040
44042
44044
44046
44048
44060
44062
44064
44066
44068
44080
44082
44084
44086
44088
44200
44202
44204
44206
44208
44220
44222
44224
44226
44228
44240
44242
44244
44246
44248
44260
44262
44264
44266
44268
44280
44282
44284
44286
44288
44400
44402
44404
44406
44408
44420
44422
44424
44426
44428
44440
44442
44444
44446
44448
44460
44462
44464
44466
44468
44480
44482
44484
44486
44488
44600
44602
44604
44606
44608
44620
44622
44624
44626
44628
44640
44642
44644
44646
44648
44660
44662
44664
44666
44668
44680
44682
44684
44686
44688
44800
44802
44804
44806
44808
44820
44822
44824
44826
44828
44840
44842
44844
44846
44848
44860
44862
44864
44866
44868
44880
44882
44884
44886
44888
46000
46002
46004
46006
46008
46020
46022
46024
46026
46028
46040
46042
46044
46046
46048
46060
46062
46064
46066
46068
46080
46082
46084
46086
46088
46200
46202
46204
46206
46208
46220
46222
46224
46226
46228
46240
46242
46244
46246
46248
46260
46262
46264
46266
46268
46280
46282
46284
46286
46288
46400
46402
46404
46406
46408
46420
46422
46424
46426
46428
46440
46442
46444
46446
46448
46460
46462
46464
46466
46468
46480
46482
46484
46486
46488
46600
46602
46604
46606
46608
46620
46622
46624
46626
46628
46640
46642
46644
46646
46648
46660
46662
46664
46666
46668
46680
46682
46684
46686
46688
46800
46802
46804
46806
46808
46820
46822
46824
46826
46828
46840
46842
46844
46846
46848
46860
46862
46864
46866
46868
46880
46882
46884
46886
46888
48000
48002
48004
48006
48008
48020
48022
48024
48026
48028
48040
48042
48044
48046
48048
48060
48062
48064
48066
48068
48080
48082
48084
48086
48088
48200
48202
48204
48206
48208
48220
48222
48224
48226
48228
48240
48242
48244
48246
48248
48260
48262
48264
48266
48268
48280
48282
48284
48286
48288
48400
48402
48404
48406
48408
48420
48422
48424
48426
48428
48440
48442
48444
48446
48448
48460
48462
48464
48466
48468
48480
48482
48484
48486
48488
48600
48602
48604
48606
48608
48620
48622
48624
48626
48628
48640
48642
48644
48646
48648
48660
48662
48664
48666
48668
48680
48682
48684
48686
48688
48800
48802
48804
48806
48808
48820
48822
48824
48826
48828
48840
48842
48844
48846
48848
48860
48862
48864
48866
48868
48880
48882
48884
48886
48888
60000
60002
60004
60006
60008
60020
60022
60024
60026
60028
60040
60042
60044
60046
60048
60060
60062
60064
60066
60068
60080
60082
60084
60086
60088
60200
60202
60204
60206
60208
60220
60222
60224
60226
60228
60240
60242
60244
60246
60248
60260
60262
60264
60266
60268
60280
60282
60284
60286
60288
60400
60402
60404
60406
60408
60420
60422
60424
60426
60428
60440
60442
60444
60446
60448
60460
60462
60464
60466
60468
60480
60482
60484
60486
60488
60600
60602
60604
60606
60608
60620
60622
60624
60626
60628
60640
60642
60644
60646
60648
60660
60662
60664
60666
60668
60680
60682
60684
60686
60688
60800
60802
60804
60806
60808
60820
60822
60824
60826
60828
60840
60842
60844
60846
60848
60860
60862
60864
60866
60868
60880
60882
60884
60886
60888
62000
62002
62004
62006
62008
62020
62022
62024
62026
62028
62040
62042
62044
62046
62048
62060
62062
62064
62066
62068
62080
62082
62084
62086
62088
62200
62202
62204
62206
62208
62220
62222
62224
62226
62228
62240
62242
62244
62246
62248
62260
62262
62264
62266
62268
62280
62282
62284
62286
62288
62400
62402
62404
62406
62408
62420
62422
62424
62426
62428
62440
62442
62444
62446
62448
62460
62462
62464
62466
62468
62480
62482
62484
62486
62488
62600
62602
62604
62606
62608
62620
62622
62624
62626
62628
62640
62642
62644
62646
62648
62660
62662
62664
62666
62668
62680
62682
62684
62686
62688
62800
62802
62804
62806
62808
62820
62822
62824
62826
62828
62840
62842
62844
62846
62848
62860
62862
62864
62866
62868
62880
62882
62884
62886
62888
64000
64002
64004
64006
64008
64020
64022
64024
64026
64028
64040
64042
64044
64046
64048
64060
64062
64064
64066
64068
64080
64082
64084
64086
64088
64200
64202
64204
64206
64208
64220
64222
64224
64226
64228
64240
64242
64244
64246
64248
64260
64262
64264
64266
64268
64280
64282
64284
64286
64288
64400
64402
64404
64406
64408
64420
64422
64424
64426
64428
64440
64442
64444
64446
64448
64460
64462
64464
64466
64468
64480
64482
64484
64486
64488
64600
64602
64604
64606
64608
64620
64622
64624
64626
64628
64640
64642
64644
64646
64648
64660
64662
64664
64666
64668
64680
64682
64684
64686
64688
64800
64802
64804
64806
64808
64820
64822
64824
64826
64828
64840
64842
64844
64846
64848
64860
64862
64864
64866
64868
64880
64882
64884
64886
64888
66000
66002
66004
66006
66008
66020
66022
66024
66026
66028
66040
66042
66044
66046
66048
66060
66062
66064
66066
66068
66080
66082
66084
66086
66088
66200
66202
66204
66206
66208
66220
66222
66224
66226
66228
66240
66242
66244
66246
66248
66260
66262
66264
66266
66268
66280
66282
66284
66286
66288
66400
66402
66404
66406
66408
66420
66422
66424
66426
66428
66440
66442
66444
66446
66448
66460
66462
66464
66466
66468
66480
66482
66484
66486
66488
66600
66602
66604
66606
66608
66620
66622
66624
66626
66628
66640
66642
66644
66646
66648
66660
66662
66664
66666
66668
66680
66682
66684
66686
66688
66800
66802
66804
66806
66808
66820
66822
66824
66826
66828
66840
66842
66844
66846
66848
66860
66862
66864
66866
66868
66880
66882
66884
66886
66888
68000
68002
68004
68006
68008
68020
68022
68024
68026
68028
68040
68042
68044
68046
68048
68060
68062
68064
68066
68068
68080
68082
68084
68086
68088
68200
68202
68204
68206
68208
68220
68222
68224
68226
68228
68240
68242
68244
68246
68248
68260
68262
68264
68266
68268
68280
68282
68284
68286
68288
68400
68402
68404
68406
68408
68420
68422
68424
68426
68428
68440
68442
68444
68446
68448
68460
68462
68464
68466
68468
68480
68482
68484
68486
68488
68600
68602
68604
68606
68608
68620
68622
68624
68626
68628
68640
68642
68644
68646
68648
68660
68662
68664
68666
68668
68680
68682
68684
68686
68688
68800
68802
68804
68806
68808
68820
68822
68824
68826
68828
68840
68842
68844
68846
68848
68860
68862
68864
68866
68868
68880
68882
68884
68886
68888
80000
80002
80004
80006
80008
80020
80022
80024
80026
80028
80040
80042
80044
80046
80048
80060
80062
80064
80066
80068
80080
80082
80084
80086
80088
80200
80202
80204
80206
80208
80220
80222
80224
80226
80228
80240
80242
80244
80246
80248
80260
80262
80264
80266
80268
80280
80282
80284
80286
80288
80400
80402
80404
80406
80408
80420
80422
80424
80426
80428
80440
80442
80444
80446
80448
80460
80462
80464
80466
80468
80480
80482
80484
80486
80488
80600
80602
80604
80606
80608
80620
80622
80624
80626
80628
80640
80642
80644
80646
80648
80660
80662
80664
80666
80668
80680
80682
80684
80686
80688
80800
80802
80804
80806
80808
80820
80822
80824
80826
80828
80840
80842
80844
80846
80848
80860
80862
80864
80866
80868
80880
80882
80884
80886
80888
82000
82002
82004
82006
82008
82020
82022
82024
82026
82028
82040
82042
82044
82046
82048
82060
82062
82064
82066
82068
82080
82082
82084
82086
82088
82200
82202
82204
82206
82208
82220
82222
82224
82226
82228
82240
82242
82244
82246
82248
82260
82262
82264
82266
82268
82280
82282
82284
82286
82288
82400
82402
82404
82406
82408
82420
82422
82424
82426
82428
82440
82442
82444
82446
82448
82460
82462
82464
82466
82468
82480
82482
82484
82486
82488
82600
82602
82604
82606
82608
82620
82622
82624
82626
82628
82640
82642
82644
82646
82648
82660
82662
82664
82666
82668
82680
82682
82684
82686
82688
82800
82802
82804
82806
82808
82820
82822
82824
82826
82828
82840
82842
82844
82846
82848
82860
82862
82864
82866
82868
82880
82882
82884
82886
82888
84000
84002
84004
84006
84008
84020
84022
84024
84026
84028
84040
84042
84044
84046
84048
84060
84062
84064
84066
84068
84080
84082
84084
84086
84088
84200
84202
84204
84206
84208
84220
84222
84224
84226
84228
84240
84242
84244
84246
84248
84260
84262
84264
84266
84268
84280
84282
84284
84286
84288
84400
84402
84404
84406
84408
84420
84422
84424
84426
84428
84440
84442
84444
84446
84448
84460
84462
84464
84466
84468
84480
84482
84484
84486
84488
84600
84602
84604
84606
84608
84620
84622
84624
84626
84628
84640
84642
84644
84646
84648
84660
84662
84664
84666
84668
84680
84682
84684
84686
84688
84800
84802
84804
84806
84808
84820
84822
84824
84826
84828
84840
84842
84844
84846
84848
84860
84862
84864
84866
84868
84880
84882
84884
84886
84888
86000
86002
86004
86006
86008
86020
86022
86024
86026
86028
86040
86042
86044
86046
86048
86060
86062
86064
86066
86068
86080
86082
86084
86086
86088
86200
86202
86204
86206
86208
86220
86222
86224
86226
86228
86240
86242
86244
86246
86248
86260
86262
86264
86266
86268
86280
86282
86284
86286
86288
86400
86402
86404
86406
86408
86420
86422
86424
86426
86428
86440
86442
86444
86446
86448
86460
86462
86464
86466
86468
86480
86482
86484
86486
86488
86600
86602
86604
86606
86608
86620
86622
86624
86626
86628
86640
86642
86644
86646
86648
86660
86662
86664
86666
86668
86680
86682
86684
86686
86688
86800
86802
86804
86806
86808
86820
86822
86824
86826
86828
86840
86842
86844
86846
86848
86860
86862
86864
86866
86868
86880
86882
86884
86886
86888
88000
88002
88004
88006
88008
88020
88022
88024
88026
88028
88040
88042
88044
88046
88048
88060
88062
88064
88066
88068
88080
88082
88084
88086
88088
88200
88202
88204
88206
88208
88220
88222
88224
88226
88228
88240
88242
88244
88246
88248
88260
88262
88264
88266
88268
88280
88282
88284
88286
88288
88400
88402
88404
88406
88408
88420
88422
88424
88426
88428
88440
88442
88444
88446
88448
88460
88462
88464
88466
88468
88480
88482
88484
88486
88488
88600
88602
88604
88606
88608
88620
88622
88624
88626
88628
88640
88642
88644
88646
88648
88660
88662
88664
88666
88668
88680
88682
88684
88686
88688
88800
88802
88804
88806
88808
88820
88822
88824
88826
88828
88840
88842
88844
88846
88848
88860
88862
88864
88866
88868
88880
88882
88884
88886
88888
200000
200002
200004
200006
200008
200020
200022
200024
200026
200028
200040
200042
200044
200046
200048
200060
200062
200064
200066
200068
200080
200082
200084
200086
200088
200200
200202
200204
200206
200208
200220
200222
200224
200226
200228
200240
200242
200244
200246
200248
200260
200262
200264
200266
200268
200280
200282
200284
200286
200288
200400
200402
200404
200406
200408
200420
200422
200424
200426
200428
200440
200442
200444
200446
200448
200460
200462
200464
200466
200468
200480
200482
200484
200486
200488
200600
200602
200604
200606
200608
200620
200622
200624
200626
200628
200640
200642
200644
200646
200648
200660
200662
200664
200666
200668
200680
200682
200684
200686
200688
200800
200802
200804
200806
200808
200820
200822
200824
200826
200828
200840
200842
200844
200846
200848
200860
200862
200864
200866
200868
200880
200882
200884
200886
200888
202000
202002
202004
202006
202008
202020
202022
202024
202026
202028
202040
202042
202044
202046
202048
202060
202062
202064
202066
202068
202080
202082
202084
202086
202088
202200
202202
202204
202206
202208
202220
202222
202224
202226
202228
202240
202242
202244
202246
202248
202260
202262
202264
202266
202268
202280
202282
202284
202286
202288
202400
202402
202404
202406
202408
202420
202422
202424
202426
202428
202440
202442
202444
202446
202448
202460
202462
202464
202466
202468
202480
202482
202484
202486
202488
202600
202602
202604
202606
202608
202620
202622
202624
202626
202628
202640
202642
202644
202646
202648
202660
202662
202664
202666
202668
202680
202682
202684
202686
202688
202800
202802
202804
202806
202808
202820
202822
202824
202826
202828
202840
202842
202844
202846
202848
202860
202862
202864
202866
202868
202880
202882
202884
202886
202888
204000
204002
204004
204006
204008
204020
204022
204024
204026
204028
204040
204042
204044
204046
204048
204060
204062
204064
204066
204068
204080
204082
204084
204086
204088
204200
204202
204204
204206
204208
204220
204222
204224
204226
204228
204240
204242
204244
204246
204248
204260
204262
204264
204266
204268
204280
204282
204284
204286
204288
204400
204402
204404
204406
204408
204420
204422
204424
204426
204428
204440
204442
204444
204446
204448
204460
204462
204464
204466
204468
204480
204482
204484
204486
204488
204600
204602
204604
204606
204608
204620
204622
204624
204626
204628
204640
204642
204644
204646
204648
204660
204662
204664
204666
204668
204680
204682
204684
204686
204688
204800
204802
204804
204806
204808
204820
204822
204824
204826
204828
204840
204842
204844
204846
204848
204860
204862
204864
204866
204868
204880
204882
204884
204886
204888
206000
206002
206004
206006
206008
206020
206022
206024
206026
206028
206040
206042
206044
206046
206048
206060
206062
206064
206066
206068
206080
206082
206084
206086
206088
206200
206202
206204
206206
206208
206220
206222
206224
206226
206228
206240
206242
206244
206246
206248
206260
206262
206264
206266
206268
206280
206282
206284
206286
206288
206400
206402
206404
206406
206408
206420
206422
206424
206426
206428
206440
206442
206444
206446
206448
206460
206462
206464
206466
206468
206480
206482
206484
206486
206488
206600
206602
206604
206606
206608
206620
206622
206624
206626
206628
206640
206642
206644
206646
206648
206660
206662
206664
206666
206668
206680
206682
206684
206686
206688
206800
206802
206804
206806
206808
206820
206822
206824
206826
206828
206840
206842
206844
206846
206848
206860
206862
206864
206866
206868
206880
206882
206884
206886
206888
208000
208002
208004
208006
208008
208020
208022
208024
208026
208028
208040
208042
208044
208046
208048
208060
208062
208064
208066
208068
208080
208082
208084
208086
208088
208200
208202
208204
208206
208208
208220
208222
208224
208226
208228
208240
208242
208244
208246
208248
208260
208262
208264
208266
208268
208280
208282
208284
208286
208288
208400
208402
208404
208406
208408
208420
208422
208424
208426
208428
208440
208442
208444
208446
208448
208460
208462
208464
208466
208468
208480
208482
208484
208486
208488
208600
208602
208604
208606
208608
208620
208622
208624
208626
208628
208640
208642
208644
208646
208648
208660
208662
208664
208666
208668
208680
208682
208684
208686
208688
208800
208802
208804
208806
208808
208820
208822
208824
208826
208828
208840
208842
208844
208846
208848
208860
208862
208864
208866
208868
208880
208882
208884
208886
208888
220000
220002
220004
220006
220008
220020
220022
220024
220026
220028
220040
220042
220044
220046
220048
220060
220062
220064
220066
220068
220080
220082
220084
220086
220088
220200
220202
220204
220206
220208
220220
220222
220224
220226
220228
220240
220242
220244
220246
220248
220260
220262
220264
220266
220268
220280
220282
220284
220286
220288
220400
220402
220404
220406
220408
220420
220422
220424
220426
220428
220440
220442
220444
220446
220448
220460
220462
220464
220466
220468
220480
220482
220484
220486
220488
220600
220602
220604
220606
220608
220620
220622
220624
220626
220628
220640
220642
220644
220646
220648
220660
220662
220664
220666
220668
220680
220682
220684
220686
220688
220800
220802
220804
220806
220808
220820
220822
220824
220826
220828
220840
220842
220844
220846
220848
220860
220862
220864
220866
220868
220880
220882
220884
220886
220888
222000
222002
222004
222006
222008
222020
222022
222024
222026
222028
222040
222042
222044
222046
222048
222060
222062
222064
222066
222068
222080
222082
222084
222086
222088
222200
222202
222204
222206
222208
222220
222222
222224
222226
222228
222240
222242
222244
222246
222248
222260
222262
222264
222266
222268
222280
222282
222284
222286
222288
222400
222402
222404
222406
222408
222420
222422
222424
222426
222428
222440
222442
222444
222446
222448
222460
222462
222464
222466
222468
222480
222482
222484
222486
222488
222600
222602
222604
222606
222608
222620
222622
222624
222626
222628
222640
222642
222644
222646
222648
222660
222662
222664
222666
222668
222680
222682
222684
222686
222688
222800
222802
222804
222806
222808
222820
222822
222824
222826
222828
222840
222842
222844
222846
222848
222860
222862
222864
222866
222868
222880
222882
222884
222886
222888
224000
224002
224004
224006
224008
224020
224022
224024
224026
224028
224040
224042
224044
224046
224048
224060
224062
224064
224066
224068
224080
224082
224084
224086
224088
224200
224202
224204
224206
224208
224220
224222
224224
224226
224228
224240
224242
224244
224246
224248
224260
224262
224264
224266
224268
224280
224282
224284
224286
224288
224400
224402
224404
224406
224408
224420
224422
224424
224426
224428
224440
224442
224444
224446
224448
224460
224462
224464
224466
224468
224480
224482
224484
224486
224488
224600
224602
224604
224606
224608
224620
224622
224624
224626
224628
224640
224642
224644
224646
224648
224660
224662
224664
224666
224668
224680
224682
224684
224686
224688
224800
224802
224804
224806
224808
224820
224822
224824
224826
224828
224840
224842
224844
224846
224848
224860
224862
224864
224866
224868
224880
224882
224884
224886
224888
226000
226002
226004
226006
226008
226020
226022
226024
226026
226028
226040
226042
226044
226046
226048
226060
226062
226064
226066
226068
226080
226082
226084
226086
226088
226200
226202
226204
226206
226208
226220
226222
226224
226226
226228
226240
226242
226244
226246
226248
226260
226262
226264
226266
226268
226280
226282
226284
226286
226288
226400
226402
226404
226406
226408
226420
226422
226424
226426
226428
226440
226442
226444
226446
226448
226460
226462
226464
226466
226468
226480
226482
226484
226486
226488
226600
226602
226604
226606
226608
226620
226622
226624
226626
226628
226640
226642
226644
226646
226648
226660
226662
226664
226666
226668
226680
226682
226684
226686
226688
226800
226802
226804
226806
226808
226820
226822
226824
226826
226828
226840
226842
226844
226846
226848
226860
226862
226864
226866
226868
226880
226882
226884
226886
226888
228000
228002
228004
228006
228008
228020
228022
228024
228026
228028
228040
228042
228044
228046
228048
228060
228062
228064
228066
228068
228080
228082
228084
228086
228088
228200
228202
228204
228206
228208
228220
228222
228224
228226
228228
228240
228242
228244
228246
228248
228260
228262
228264
228266
228268
228280
228282
228284
228286
228288
228400
228402
228404
228406
228408
228420
228422
228424
228426
228428
228440
228442
228444
228446
228448
228460
228462
228464
228466
228468
228480
228482
228484
228486
228488
228600
228602
228604
228606
228608
228620
228622
228624
228626
228628
228640
228642
228644
228646
228648
228660
228662
228664
228666
228668
228680
228682
228684
228686
228688
228800
228802
228804
228806
228808
228820
228822
228824
228826
228828
228840
228842
228844
228846
228848
228860
228862
228864
228866
228868
228880
228882
228884
228886
228888
240000
240002
240004
240006
240008
240020
240022
240024
240026
240028
240040
240042
240044
240046
240048
240060
240062
240064
240066
240068
240080
240082
240084
240086
240088
240200
240202
240204
240206
240208
240220
240222
240224
240226
240228
240240
240242
240244
240246
240248
240260
240262
240264
240266
240268
240280
240282
240284
240286
240288
240400
240402
240404
240406
240408
240420
240422
240424
240426
240428
240440
240442
240444
240446
240448
240460
240462
240464
240466
240468
240480
240482
240484
240486
240488
240600
240602
240604
240606
240608
240620
240622
240624
240626
240628
240640
240642
240644
240646
240648
240660
240662
240664
240666
240668
240680
240682
240684
240686
240688
240800
240802
240804
240806
240808
240820
240822
240824
240826
240828
240840
240842
240844
240846
240848
240860
240862
240864
240866
240868
240880
240882
240884
240886
240888
242000
242002
242004
242006
242008
242020
242022
242024
242026
242028
242040
242042
242044
242046
242048
242060
242062
242064
242066
242068
242080
242082
242084
242086
242088
242200
242202
242204
242206
242208
242220
242222
242224
242226
242228
242240
242242
242244
242246
242248
242260
242262
242264
242266
242268
242280
242282
242284
242286
242288
242400
242402
242404
242406
242408
242420
242422
242424
242426
242428
242440
242442
242444
242446
242448
242460
242462
242464
242466
242468
242480
242482
242484
242486
242488
242600
242602
242604
242606
242608
242620
242622
242624
242626
242628
242640
242642
242644
242646
242648
242660
242662
242664
242666
242668
242680
242682
242684
242686
242688
242800
242802
242804
242806
242808
242820
242822
242824
242826
242828
242840
242842
242844
242846
242848
242860
242862
242864
242866
242868
242880
242882
242884
242886
242888
244000
244002
244004
244006
244008
244020
244022
244024
244026
244028
244040
244042
244044
244046
244048
244060
244062
244064
244066
244068
244080
244082
244084
244086
244088
244200
244202
244204
244206
244208
244220
244222
244224
244226
244228
244240
244242
244244
244246
244248
244260
244262
244264
244266
244268
244280
244282
244284
244286
244288
244400
244402
244404
244406
244408
244420
244422
244424
244426
244428
244440
244442
244444
244446
244448
244460
244462
244464
244466
244468
244480
244482
244484
244486
244488
244600
244602
244604
244606
244608
244620
244622
244624
244626
244628
244640
244642
244644
244646
244648
244660
244662
244664
244666
244668
244680
244682
244684
244686
244688
244800
244802
244804
244806
244808
244820
244822
244824
244826
244828
244840
244842
244844
244846
244848
244860
244862
244864
244866
244868
244880
244882
244884
244886
244888
246000
246002
246004
246006
246008
246020
246022
246024
246026
246028
246040
246042
246044
246046
246048
246060
246062
246064
246066
246068
246080
246082
246084
246086
246088
246200
246202
246204
246206
246208
246220
246222
246224
246226
246228
246240
246242
246244
246246
246248
246260
246262
246264
246266
246268
246280
246282
246284
246286
246288
246400
246402
246404
246406
246408
246420
246422
246424
246426
246428
246440
246442
246444
246446
246448
246460
246462
246464
246466
246468
246480
246482
246484
246486
246488
246600
246602
246604
246606
246608
246620
246622
246624
246626
246628
246640
246642
246644
246646
246648
246660
246662
246664
246666
246668
246680
246682
246684
246686
246688
246800
246802
246804
246806
246808
246820
246822
246824
246826
246828
246840
246842
246844
246846
246848
246860
246862
246864
246866
246868
246880
246882
246884
246886
246888
248000
248002
248004
248006
248008
248020
248022
248024
248026
248028
248040
248042
248044
248046
248048
248060
248062
248064
248066
248068
248080
248082
248084
248086
248088
248200
248202
248204
248206
248208
248220
248222
248224
248226
248228
248240
248242
248244
248246
248248
248260
248262
248264
248266
248268
248280
248282
248284
248286
248288
248400
248402
248404
248406
248408
248420
248422
248424
248426
248428
248440
248442
248444
248446
248448
248460
248462
248464
248466
248468
248480
248482
248484
248486
248488
248600
248602
248604
248606
248608
248620
248622
248624
248626
248628
248640
248642
248644
248646
248648
248660
248662
248664
248666
248668
248680
248682
248684
248686
248688
248800
248802
248804
248806
248808
248820
248822
248824
248826
248828
248840
248842
248844
248846
248848
248860
248862
248864
248866
248868
248880
248882
248884
248886
248888
260000
260002
260004
260006
260008
260020
260022
260024
260026
260028
260040
260042
260044
260046
260048
260060
260062
260064
260066
260068
260080
260082
260084
260086
260088
260200
260202
260204
260206
260208
260220
260222
260224
260226
260228
260240
260242
260244
260246
260248
260260
260262
260264
260266
260268
260280
260282
260284
260286
260288
260400
260402
260404
260406
260408
260420
260422
260424
260426
260428
260440
260442
260444
260446
260448
260460
260462
260464
260466
260468
260480
260482
260484
260486
260488
260600
260602
260604
260606
260608
260620
260622
260624
260626
260628
260640
260642
260644
260646
260648
260660
260662
260664
260666
260668
260680
260682
260684
260686
260688
260800
260802
260804
260806
260808
260820
260822
260824
260826
260828
260840
260842
260844
260846
260848
260860
260862
260864
260866
260868
260880
260882
260884
260886
260888
262000
262002
262004
262006
262008
262020
262022
262024
262026
262028
262040
262042
262044
262046
262048
262060
262062
262064
262066
262068
262080
262082
262084
262086
262088
262200
262202
262204
262206
262208
262220
262222
262224
262226
262228
262240
262242
262244
262246
262248
262260
262262
262264
262266
262268
262280
262282
262284
262286
262288
262400
262402
262404
262406
262408
262420
262422
262424
262426
262428
262440
262442
262444
262446
262448
262460
262462
262464
262466
262468
262480
262482
262484
262486
262488
262600
262602
262604
262606
262608
262620
262622
262624
262626
262628
262640
262642
262644
262646
262648
262660
262662
262664
262666
262668
262680
262682
262684
262686
262688
262800
262802
262804
262806
262808
262820
262822
262824
262826
262828
262840
262842
262844
262846
262848
262860
262862
262864
262866
262868
262880
262882
262884
262886
262888
264000
264002
264004
264006
264008
264020
264022
264024
264026
264028
264040
264042
264044
264046
264048
264060
264062
264064
264066
264068
264080
264082
264084
264086
264088
264200
264202
264204
264206
264208
264220
264222
264224
264226
264228
264240
264242
264244
264246
264248
264260
264262
264264
264266
264268
264280
264282
264284
264286
264288
264400
264402
264404
264406
264408
264420
264422
264424
264426
264428
264440
264442
264444
264446
264448
264460
264462
264464
264466
264468
264480
264482
264484
264486
264488
264600
264602
264604
264606
264608
264620
264622
264624
264626
264628
264640
264642
264644
264646
264648
264660
264662
264664
264666
264668
264680
264682
264684
264686
264688
264800
264802
264804
264806
264808
264820
264822
264824
264826
264828
264840
264842
264844
264846
264848
264860
264862
264864
264866
264868
264880
264882
264884
264886
264888
266000
266002
266004
266006
266008
266020
266022
266024
266026
266028
266040
266042
266044
266046
266048
266060
266062
266064
266066
266068
266080
266082
266084
266086
266088
266200
266202
266204
266206
266208
266220
266222
266224
266226
266228
266240
266242
266244
266246
266248
266260
266262
266264
266266
266268
266280
266282
266284
266286
266288
266400
266402
266404
266406
266408
266420
266422
266424
266426
266428
266440
266442
266444
266446
266448
266460
266462
266464
266466
266468
266480
266482
266484
266486
266488
266600
266602
266604
266606
266608
266620
266622
266624
266626
266628
266640
266642
266644
266646
266648
266660
266662
266664
266666
266668
266680
266682
266684
266686
266688
266800
266802
266804
266806
266808
266820
266822
266824
266826
266828
266840
266842
266844
266846
266848
266860
266862
266864
266866
266868
266880
266882
266884
266886
266888
268000
268002
268004
268006
268008
268020
268022
268024
268026
268028
268040
268042
268044
268046
268048
268060
268062
268064
268066
268068
268080
268082
268084
268086
268088
268200
268202
268204
268206
268208
268220
268222
268224
268226
268228
268240
268242
268244
268246
268248
268260
268262
268264
268266
268268
268280
268282
268284
268286
268288
268400
268402
268404
268406
268408
268420
268422
268424
268426
268428
268440
268442
268444
268446
268448
268460
268462
268464
268466
268468
268480
268482
268484
268486
268488
268600
268602
268604
268606
268608
268620
268622
268624
268626
268628
268640
268642
268644
268646
268648
268660
268662
268664
268666
268668
268680
268682
268684
268686
268688
268800
268802
268804
268806
268808
268820
268822
268824
268826
268828
268840
268842
268844
268846
268848
268860
268862
268864
268866
268868
268880
268882
268884
268886
268888
280000
280002
280004
280006
280008
280020
280022
280024
280026
280028
280040
280042
280044
280046
280048
280060
280062
280064
280066
280068
280080
280082
280084
280086
280088
280200
280202
280204
280206
280208
280220
280222
280224
280226
280228
280240
280242
280244
280246
280248
280260
280262
280264
280266
280268
280280
280282
280284
280286
280288
280400
280402
280404
280406
280408
280420
280422
280424
280426
280428
280440
280442
280444
280446
280448
280460
280462
280464
280466
280468
280480
280482
280484
280486
280488
280600
280602
280604
280606
280608
280620
280622
280624
280626
280628
280640
280642
280644
280646
280648
280660
280662
280664
280666
280668
280680
280682
280684
280686
280688
280800
280802
280804
280806
280808
280820
280822
280824
280826
280828
280840
280842
280844
280846
280848
280860
280862
280864
280866
280868
280880
280882
280884
280886
280888
282000
282002
282004
282006
282008
282020
282022
282024
282026
282028
282040
282042
282044
282046
282048
282060
282062
282064
282066
282068
282080
282082
282084
282086
282088
282200
282202
282204
282206
282208
282220
282222
282224
282226
282228
282240
282242
282244
282246
282248
282260
282262
282264
282266
282268
282280
282282
282284
282286
282288
282400
282402
282404
282406
282408
282420
282422
282424
282426
282428
282440
282442
282444
282446
282448
282460
282462
282464
282466
282468
282480
282482
282484
282486
282488
282600
282602
282604
282606
282608
282620
282622
282624
282626
282628
282640
282642
282644
282646
282648
282660
282662
282664
282666
282668
282680
282682
282684
282686
282688
282800
282802
282804
282806
282808
282820
282822
282824
282826
282828
282840
282842
282844
282846
282848
282860
282862
282864
282866
282868
282880
282882
282884
282886
282888
284000
284002
284004
284006
284008
284020
284022
284024
284026
284028
284040
284042
284044
284046
284048
284060
284062
284064
284066
284068
284080
284082
284084
284086
284088
284200
284202
284204
284206
284208
284220
284222
284224
284226
284228
284240
284242
284244
284246
284248
284260
284262
284264
284266
284268
284280
284282
284284
284286
284288
284400
284402
284404
284406
284408
284420
284422
284424
284426
284428
284440
284442
284444
284446
284448
284460
284462
284464
284466
284468
284480
284482
284484
284486
284488
284600
284602
284604
284606
284608
284620
284622
284624
284626
284628
284640
284642
284644
284646
284648
284660
284662
284664
284666
284668
284680
284682
284684
284686
284688
284800
284802
284804
284806
284808
284820
284822
284824
284826
284828
284840
284842
284844
284846
284848
284860
284862
284864
284866
284868
284880
284882
284884
284886
284888
286000
286002
286004
286006
286008
286020
286022
286024
286026
286028
286040
286042
286044
286046
286048
286060
286062
286064
286066
286068
286080
286082
286084
286086
286088
286200
286202
286204
286206
286208
286220
286222
286224
286226
286228
286240
286242
286244
286246
286248
286260
286262
286264
286266
286268
286280
286282
286284
286286
286288
286400
286402
286404
286406
286408
286420
286422
286424
286426
286428
286440
286442
286444
286446
286448
286460
286462
286464
286466
286468
286480
286482
286484
286486
286488
286600
286602
286604
286606
286608
286620
286622
286624
286626
286628
286640
286642
286644
286646
286648
286660
286662
286664
286666
286668
286680
286682
286684
286686
286688
286800
286802
286804
286806
286808
286820
286822
286824
286826
286828
286840
286842
286844
286846
286848
286860
286862
286864
286866
286868
286880
286882
286884
286886
286888
288000
288002
288004
288006
288008
288020
288022
288024
288026
288028
288040
288042
288044
288046
288048
288060
288062
288064
288066
288068
288080
288082
288084
288086
288088
288200
288202
288204
288206
288208
288220
288222
288224
288226
288228
288240
288242
288244
288246
288248
288260
288262
288264
288266
288268
288280
288282
288284
288286
288288
288400
288402
288404
288406
288408
288420
288422
288424
288426
288428
288440
288442
288444
288446
288448
288460
288462
288464
288466
288468
288480
288482
288484
288486
288488
288600
288602
288604
288606
288608
288620
288622
288624
288626
288628
288640
288642
288644
288646
288648
288660
288662
288664
288666
288668
288680
288682
288684
288686
288688
288800
288802
288804
288806
288808
288820
288822
288824
288826
288828
288840
288842
288844
288846
288848
288860
288862
288864
288866
288868
288880
288882
288884
288886
288888
400000
400002
400004
400006
400008
400020
400022
400024
400026
400028
400040
400042
400044
400046
400048
400060
400062
400064
400066
400068
400080
400082
400084
400086
400088
400200
400202
400204
400206
400208
400220
400222
400224
400226
400228
400240
400242
400244
400246
400248
400260
400262
400264
400266
400268
400280
400282
400284
400286
400288
400400
400402
400404
400406
400408
400420
400422
400424
400426
400428
400440
400442
400444
400446
400448
400460
400462
400464
400466
400468
400480
400482
400484
400486
400488
400600
400602
400604
400606
400608
400620
400622
400624
400626
400628
400640
400642
400644
400646
400648
400660
400662
400664
400666
400668
400680
400682
400684
400686
400688
400800
400802
400804
400806
400808
400820
400822
400824
400826
400828
400840
400842
400844
400846
400848
400860
400862
400864
400866
400868
400880
400882
400884
400886
400888
402000
402002
402004
402006
402008
402020
402022
402024
402026
402028
402040
402042
402044
402046
402048
402060
402062
402064
402066
402068
402080
402082
402084
402086
402088
402200
402202
402204
402206
402208
402220
402222
402224
402226
402228
402240
402242
402244
402246
402248
402260
402262
402264
402266
402268
402280
402282
402284
402286
402288
402400
402402
402404
402406
402408
402420
402422
402424
402426
402428
402440
402442
402444
402446
402448
402460
402462
402464
402466
402468
402480
402482
402484
402486
402488
402600
402602
402604
402606
402608
402620
402622
402624
402626
402628
402640
402642
402644
402646
402648
402660
402662
402664
402666
402668
402680
402682
402684
402686
402688
402800
402802
402804
402806
402808
402820
402822
402824
402826
402828
402840
402842
402844
402846
402848
402860
402862
402864
402866
402868
402880
402882
402884
402886
402888
404000
404002
404004
404006
404008
404020
404022
404024
404026
404028
404040
404042
404044
404046
404048
404060
404062
404064
404066
404068
404080
404082
404084
404086
404088
404200
404202
404204
404206
404208
404220
404222
404224
404226
404228
404240
404242
404244
404246
404248
404260
404262
404264
404266
404268
404280
404282
404284
404286
404288
404400
404402
404404
404406
404408
404420
404422
404424
404426
404428
404440
404442
404444
404446
404448
404460
404462
404464
404466
404468
404480
404482
404484
404486
404488
404600
404602
404604
404606
404608
404620
404622
404624
404626
404628
404640
404642
404644
404646
404648
404660
404662
404664
404666
404668
404680
404682
404684
404686
404688
404800
404802
404804
404806
404808
404820
404822
404824
404826
404828
404840
404842
404844
404846
404848
404860
404862
404864
404866
404868
404880
404882
404884
404886
404888
406000
406002
406004
406006
406008
406020
406022
406024
406026
406028
406040
406042
406044
406046
406048
406060
406062
406064
406066
406068
406080
406082
406084
406086
406088
406200
406202
406204
406206
406208
406220
406222
406224
406226
406228
406240
406242
406244
406246
406248
406260
406262
406264
406266
406268
406280
406282
406284
406286
406288
406400
406402
406404
406406
406408
406420
406422
406424
406426
406428
406440
406442
406444
406446
406448
406460
406462
406464
406466
406468
406480
406482
406484
406486
406488
406600
406602
406604
406606
406608
406620
406622
406624
406626
406628
406640
406642
406644
406646
406648
406660
406662
406664
406666
406668
406680
406682
406684
406686
406688
406800
406802
406804
406806
406808
406820
406822
406824
406826
406828
406840
406842
406844
406846
406848
406860
406862
406864
406866
406868
406880
406882
406884
406886
406888
408000
408002
408004
408006
408008
408020
408022
408024
408026
408028
408040
408042
408044
408046
408048
408060
408062
408064
408066
408068
408080
408082
408084
408086
408088
408200
408202
408204
408206
408208
408220
408222
408224
408226
408228
408240
408242
408244
408246
408248
408260
408262
408264
408266
408268
408280
408282
408284
408286
408288
408400
408402
408404
408406
408408
408420
408422
408424
408426
408428
408440
408442
408444
408446
408448
408460
408462
408464
408466
408468
408480
408482
408484
408486
408488
408600
408602
408604
408606
408608
408620
408622
408624
408626
408628
408640
408642
408644
408646
408648
408660
408662
408664
408666
408668
408680
408682
408684
408686
408688
408800
408802
408804
408806
408808
408820
408822
408824
408826
408828
408840
408842
408844
408846
408848
408860
408862
408864
408866
408868
408880
408882
408884
408886
408888
420000
420002
420004
420006
420008
420020
420022
420024
420026
420028
420040
420042
420044
420046
420048
420060
420062
420064
420066
420068
420080
420082
420084
420086
420088
420200
420202
420204
420206
420208
420220
420222
420224
420226
420228
420240
420242
420244
420246
420248
420260
420262
420264
420266
420268
420280
420282
420284
420286
420288
420400
420402
420404
420406
420408
420420
420422
420424
420426
420428
420440
420442
420444
420446
420448
420460
420462
420464
420466
420468
420480
420482
420484
420486
420488
420600
420602
420604
420606
420608
420620
420622
420624
420626
420628
420640
420642
420644
420646
420648
420660
420662
420664
420666
420668
420680
420682
420684
420686
420688
420800
420802
420804
420806
420808
420820
420822
420824
420826
420828
420840
420842
420844
420846
420848
420860
420862
420864
420866
420868
420880
420882
420884
420886
420888
422000
422002
422004
422006
422008
422020
422022
422024
422026
422028
422040
422042
422044
422046
422048
422060
422062
422064
422066
422068
422080
422082
422084
422086
422088
422200
422202
422204
422206
422208
422220
422222
422224
422226
422228
422240
422242
422244
422246
422248
422260
422262
422264
422266
422268
422280
422282
422284
422286
422288
422400
422402
422404
422406
422408
422420
422422
422424
422426
422428
422440
422442
422444
422446
422448
422460
422462
422464
422466
422468
422480
422482
422484
422486
422488
422600
422602
422604
422606
422608
422620
422622
422624
422626
422628
422640
422642
422644
422646
422648
422660
422662
422664
422666
422668
422680
422682
422684
422686
422688
422800
422802
422804
422806
422808
422820
422822
422824
422826
422828
422840
422842
422844
422846
422848
422860
422862
422864
422866
422868
422880
422882
422884
422886
422888
424000
424002
424004
424006
424008
424020
424022
424024
424026
424028
424040
424042
424044
424046
424048
424060
424062
424064
424066
424068
424080
424082
424084
424086
424088
424200
424202
424204
424206
424208
424220
424222
424224
424226
424228
424240
424242
424244
424246
424248
424260
424262
424264
424266
424268
424280
424282
424284
424286
424288
424400
424402
424404
424406
424408
424420
424422
424424
424426
424428
424440
424442
424444
424446
424448
424460
424462
424464
424466
424468
424480
424482
424484
424486
424488
424600
424602
424604
424606
424608
424620
424622
424624
424626
424628
424640
424642
424644
424646
424648
424660
424662
424664
424666
424668
424680
424682
424684
424686
424688
424800
424802
424804
424806
424808
424820
424822
424824
424826
424828
424840
424842
424844
424846
424848
424860
424862
424864
424866
424868
424880
424882
424884
424886
424888
426000
426002
426004
426006
426008
426020
426022
426024
426026
426028
426040
426042
426044
426046
426048
426060
426062
426064
426066
426068
426080
426082
426084
426086
426088
426200
426202
426204
426206
426208
426220
426222
426224
426226
426228
426240
426242
426244
426246
426248
426260
426262
426264
426266
426268
426280
426282
426284
426286
426288
426400
426402
426404
426406
426408
426420
426422
426424
426426
426428
426440
426442
426444
426446
426448
426460
426462
426464
426466
426468
426480
426482
426484
426486
426488
426600
426602
426604
426606
426608
426620
426622
426624
426626
426628
426640
426642
426644
426646
426648
426660
426662
426664
426666
426668
426680
426682
426684
426686
426688
426800
426802
426804
426806
426808
426820
426822
426824
426826
426828
426840
426842
426844
426846
426848
426860
426862
426864
426866
426868
426880
426882
426884
426886
426888
428000
428002
428004
428006
428008
428020
428022
428024
428026
428028
428040
428042
428044
428046
428048
428060
428062
428064
428066
428068
428080
428082
428084
428086
428088
428200
428202
428204
428206
428208
428220
428222
428224
428226
428228
428240
428242
428244
428246
428248
428260
428262
428264
428266
428268
428280
428282
428284
428286
428288
428400
428402
428404
428406
428408
428420
428422
428424
428426
428428
428440
428442
428444
428446
428448
428460
428462
428464
428466
428468
428480
428482
428484
428486
428488
428600
428602
428604
428606
428608
428620
428622
428624
428626
428628
428640
428642
428644
428646
428648
428660
428662
428664
428666
428668
428680
428682
428684
428686
428688
428800
428802
428804
428806
428808
428820
428822
428824
428826
428828
428840
428842
428844
428846
428848
428860
428862
428864
428866
428868
428880
428882
428884
428886
428888
440000
440002
440004
440006
440008
440020
440022
440024
440026
440028
440040
440042
440044
440046
440048
440060
440062
440064
440066
440068
440080
440082
440084
440086
440088
440200
440202
440204
440206
440208
440220
440222
440224
440226
440228
440240
440242
440244
440246
440248
440260
440262
440264
440266
440268
440280
440282
440284
440286
440288
440400
440402
440404
440406
440408
440420
440422
440424
440426
440428
440440
440442
440444
440446
440448
440460
440462
440464
440466
440468
440480
440482
440484
440486
440488
440600
440602
440604
440606
440608
440620
440622
440624
440626
440628
440640
440642
440644
440646
440648
440660
440662
440664
440666
440668
440680
440682
440684
440686
440688
440800
440802
440804
440806
440808
440820
440822
440824
440826
440828
440840
440842
440844
440846
440848
440860
440862
440864
440866
440868
440880
440882
440884
440886
440888
442000
442002
442004
442006
442008
442020
442022
442024
442026
442028
442040
442042
442044
442046
442048
442060
442062
442064
442066
442068
442080
442082
442084
442086
442088
442200
442202
442204
442206
442208
442220
442222
442224
442226
442228
442240
442242
442244
442246
442248
442260
442262
442264
442266
442268
442280
442282
442284
442286
442288
442400
442402
442404
442406
442408
442420
442422
442424
442426
442428
442440
442442
442444
442446
442448
442460
442462
442464
442466
442468
442480
442482
442484
442486
442488
442600
442602
442604
442606
442608
442620
442622
442624
442626
442628
442640
442642
442644
442646
442648
442660
442662
442664
442666
442668
442680
442682
442684
442686
442688
442800
442802
442804
442806
442808
442820
442822
442824
442826
442828
442840
442842
442844
442846
442848
442860
442862
442864
442866
442868
442880
442882
442884
442886
442888
444000
444002
444004
444006
444008
444020
444022
444024
444026
444028
444040
444042
444044
444046
444048
444060
444062
444064
444066
444068
444080
444082
444084
444086
444088
444200
444202
444204
444206
444208
444220
444222
444224
444226
444228
444240
444242
444244
444246
444248
444260
444262
444264
444266
444268
444280
444282
444284
444286
444288
444400
444402
444404
444406
444408
444420
444422
444424
444426
444428
444440
444442
444444
444446
444448
444460
444462
444464
444466
444468
444480
444482
444484
444486
444488
444600
444602
444604
444606
444608
444620
444622
444624
444626
444628
444640
444642
444644
444646
444648
444660
444662
444664
444666
444668
444680
444682
444684
444686
444688
444800
444802
444804
444806
444808
444820
444822
444824
444826
444828
444840
444842
444844
444846
444848
444860
444862
444864
444866
444868
444880
444882
444884
444886
444888
446000
446002
446004
446006
446008
446020
446022
446024
446026
446028
446040
446042
446044
446046
446048
446060
446062
446064
446066
446068
446080
446082
446084
446086
446088
446200
446202
446204
446206
446208
446220
446222
446224
446226
446228
446240
446242
446244
446246
446248
446260
446262
446264
446266
446268
446280
446282
446284
446286
446288
446400
446402
446404
446406
446408
446420
446422
446424
446426
446428
446440
446442
446444
446446
446448
446460
446462
446464
446466
446468
446480
446482
446484
446486
446488
446600
446602
446604
446606
446608
446620
446622
446624
446626
446628
446640
446642
446644
446646
446648
446660
446662
446664
446666
446668
446680
446682
446684
446686
446688
446800
446802
446804
446806
446808
446820
446822
446824
446826
446828
446840
446842
446844
446846
446848
446860
446862
446864
446866
446868
446880
446882
446884
446886
446888
448000
448002
448004
448006
448008
448020
448022
448024
448026
448028
448040
448042
448044
448046
448048
448060
448062
448064
448066
448068
448080
448082
448084
448086
448088
448200
448202
448204
448206
448208
448220
448222
448224
448226
448228
448240
448242
448244
448246
448248
448260
448262
448264
448266
448268
448280
448282
448284
448286
448288
448400
448402
448404
448406
448408
448420
448422
448424
448426
448428
448440
448442
448444
448446
448448
448460
448462
448464
448466
448468
448480
448482
448484
448486
448488
448600
448602
448604
448606
448608
448620
448622
448624
448626
448628
448640
448642
448644
448646
448648
448660
448662
448664
448666
448668
448680
448682
448684
448686
448688
448800
448802
448804
448806
448808
448820
448822
448824
448826
448828
448840
448842
448844
448846
448848
448860
448862
448864
448866
448868
448880
448882
448884
448886
448888
460000
460002
460004
460006
460008
460020
460022
460024
460026
460028
460040
460042
460044
460046
460048
460060
460062
460064
460066
460068
460080
460082
460084
460086
460088
460200
460202
460204
460206
460208
460220
460222
460224
460226
460228
460240
460242
460244
460246
460248
460260
460262
460264
460266
460268
460280
460282
460284
460286
460288
460400
460402
460404
460406
460408
460420
460422
460424
460426
460428
460440
460442
460444
460446
460448
460460
460462
460464
460466
460468
460480
460482
460484
460486
460488
460600
460602
460604
460606
460608
460620
460622
460624
460626
460628
460640
460642
460644
460646
460648
460660
460662
460664
460666
460668
460680
460682
460684
460686
460688
460800
460802
460804
460806
460808
460820
460822
460824
460826
460828
460840
460842
460844
460846
460848
460860
460862
460864
460866
460868
460880
460882
460884
460886
460888
462000
462002
462004
462006
462008
462020
462022
462024
462026
462028
462040
462042
462044
462046
462048
462060
462062
462064
462066
462068
462080
462082
462084
462086
462088
462200
462202
462204
462206
462208
462220
462222
462224
462226
462228
462240
462242
462244
462246
462248
462260
462262
462264
462266
462268
462280
462282
462284
462286
462288
462400
462402
462404
462406
462408
462420
462422
462424
462426
462428
462440
462442
462444
462446
462448
462460
462462
462464
462466
462468
462480
462482
462484
462486
462488
462600
462602
462604
462606
462608
462620
462622
462624
462626
462628
462640
462642
462644
462646
462648
462660
462662
462664
462666
462668
462680
462682
462684
462686
462688
462800
462802
462804
462806
462808
462820
462822
462824
462826
462828
462840
462842
462844
462846
462848
462860
462862
462864
462866
462868
462880
462882
462884
462886
462888
464000
464002
464004
464006
464008
464020
464022
464024
464026
464028
464040
464042
464044
464046
464048
464060
464062
464064
464066
464068
464080
464082
464084
464086
464088
464200
464202
464204
464206
464208
464220
464222
464224
464226
464228
464240
464242
464244
464246
464248
464260
464262
464264
464266
464268
464280
464282
464284
464286
464288
464400
464402
464404
464406
464408
464420
464422
464424
464426
464428
464440
464442
464444
464446
464448
464460
464462
464464
464466
464468
464480
464482
464484
464486
464488
464600
464602
464604
464606
464608
464620
464622
464624
464626
464628
464640
464642
464644
464646
464648
464660
464662
464664
464666
464668
464680
464682
464684
464686
464688
464800
464802
464804
464806
464808
464820
464822
464824
464826
464828
464840
464842
464844
464846
464848
464860
464862
464864
464866
464868
464880
464882
464884
464886
464888
466000
466002
466004
466006
466008
466020
466022
466024
466026
466028
466040
466042
466044
466046
466048
466060
466062
466064
466066
466068
466080
466082
466084
466086
466088
466200
466202
466204
466206
466208
466220
466222
466224
466226
466228
466240
466242
466244
466246
466248
466260
466262
466264
466266
466268
466280
466282
466284
466286
466288
466400
466402
466404
466406
466408
466420
466422
466424
466426
466428
466440
466442
466444
466446
466448
466460
466462
466464
466466
466468
466480
466482
466484
466486
466488
466600
466602
466604
466606
466608
466620
466622
466624
466626
466628
466640
466642
466644
466646
466648
466660
466662
466664
466666
466668
466680
466682
466684
466686
466688
466800
466802
466804
466806
466808
466820
466822
466824
466826
466828
466840
466842
466844
466846
466848
466860
466862
466864
466866
466868
466880
466882
466884
466886
466888
468000
468002
468004
468006
468008
468020
468022
468024
468026
468028
468040
468042
468044
468046
468048
468060
468062
468064
468066
468068
468080
468082
468084
468086
468088
468200
468202
468204
468206
468208
468220
468222
468224
468226
468228
468240
468242
468244
468246
468248
468260
468262
468264
468266
468268
468280
468282
468284
468286
468288
468400
468402
468404
468406
468408
468420
468422
468424
468426
468428
468440
468442
468444
468446
468448
468460
468462
468464
468466
468468
468480
468482
468484
468486
468488
468600
468602
468604
468606
468608
468620
468622
468624
468626
468628
468640
468642
468644
468646
468648
468660
468662
468664
468666
468668
468680
468682
468684
468686
468688
468800
468802
468804
468806
468808
468820
468822
468824
468826
468828
468840
468842
468844
468846
468848
468860
468862
468864
468866
468868
468880
468882
468884
468886
468888
480000
480002
480004
480006
480008
480020
480022
480024
480026
480028
480040
480042
480044
480046
480048
480060
480062
480064
480066
480068
480080
480082
480084
480086
480088
480200
480202
480204
480206
480208
480220
480222
480224
480226
480228
480240
480242
480244
480246
480248
480260
480262
480264
480266
480268
480280
480282
480284
480286
480288
480400
480402
480404
480406
480408
480420
480422
480424
480426
480428
480440
480442
480444
480446
480448
480460
480462
480464
480466
480468
480480
480482
480484
480486
480488
480600
480602
480604
480606
480608
480620
480622
480624
480626
480628
480640
480642
480644
480646
480648
480660
480662
480664
480666
480668
480680
480682
480684
480686
480688
480800
480802
480804
480806
480808
480820
480822
480824
480826
480828
480840
480842
480844
480846
480848
480860
480862
480864
480866
480868
480880
480882
480884
480886
480888
482000
482002
482004
482006
482008
482020
482022
482024
482026
482028
482040
482042
482044
482046
482048
482060
482062
482064
482066
482068
482080
482082
482084
482086
482088
482200
482202
482204
482206
482208
482220
482222
482224
482226
482228
482240
482242
482244
482246
482248
482260
482262
482264
482266
482268
482280
482282
482284
482286
482288
482400
482402
482404
482406
482408
482420
482422
482424
482426
482428
482440
482442
482444
482446
482448
482460
482462
482464
482466
482468
482480
482482
482484
482486
482488
482600
482602
482604
482606
482608
482620
482622
482624
482626
482628
482640
482642
482644
482646
482648
482660
482662
482664
482666
482668
482680
482682
482684
482686
482688
482800
482802
482804
482806
482808
482820
482822
482824
482826
482828
482840
482842
482844
482846
482848
482860
482862
482864
482866
482868
482880
482882
482884
482886
482888
484000
484002
484004
484006
484008
484020
484022
484024
484026
484028
484040
484042
484044
484046
484048
484060
484062
484064
484066
484068
484080
484082
484084
484086
484088
484200
484202
484204
484206
484208
484220
484222
484224
484226
484228
484240
484242
484244
484246
484248
484260
484262
484264
484266
484268
484280
484282
484284
484286
484288
484400
484402
484404
484406
484408
484420
484422
484424
484426
484428
484440
484442
484444
484446
484448
484460
484462
484464
484466
484468
484480
484482
484484
484486
484488
484600
484602
484604
484606
484608
484620
484622
484624
484626
484628
484640
484642
484644
484646
484648
484660
484662
484664
484666
484668
484680
484682
484684
484686
484688
484800
484802
484804
484806
484808
484820
484822
484824
484826
484828
484840
484842
484844
484846
484848
484860
484862
484864
484866
484868
484880
484882
484884
484886
484888
486000
486002
486004
486006
486008
486020
486022
486024
486026
486028
486040
486042
486044
486046
486048
486060
486062
486064
486066
486068
486080
486082
486084
486086
486088
486200
486202
486204
486206
486208
486220
486222
486224
486226
486228
486240
486242
486244
486246
486248
486260
486262
486264
486266
486268
486280
486282
486284
486286
486288
486400
486402
486404
486406
486408
486420
486422
486424
486426
486428
486440
486442
486444
486446
486448
486460
486462
486464
486466
486468
486480
486482
486484
486486
486488
486600
486602
486604
486606
486608
486620
486622
486624
486626
486628
486640
486642
486644
486646
486648
486660
486662
486664
486666
486668
486680
486682
486684
486686
486688
486800
486802
486804
486806
486808
486820
486822
486824
486826
486828
486840
486842
486844
486846
486848
486860
486862
486864
486866
486868
486880
486882
486884
486886
486888
488000
488002
488004
488006
488008
488020
488022
488024
488026
488028
488040
488042
488044
488046
488048
488060
488062
488064
488066
488068
488080
488082
488084
488086
488088
488200
488202
488204
488206
488208
488220
488222
488224
488226
488228
488240
488242
488244
488246
488248
488260
488262
488264
488266
488268
488280
488282
488284
488286
488288
488400
488402
488404
488406
488408
488420
488422
488424
488426
488428
488440
488442
488444
488446
488448
488460
488462
488464
488466
488468
488480
488482
488484
488486
488488
488600
488602
488604
488606
488608
488620
488622
488624
488626
488628
488640
488642
488644
488646
488648
488660
488662
488664
488666
488668
488680
488682
488684
488686
488688
488800
488802
488804
488806
488808
488820
488822
488824
488826
488828
488840
488842
488844
488846
488848
488860
488862
488864
488866
488868
488880
488882
488884
488886
488888
600000
600002
600004
600006
600008
600020
600022
600024
600026
600028
600040
600042
600044
600046
600048
600060
600062
600064
600066
600068
600080
600082
600084
600086
600088
600200
600202
600204
600206
600208
600220
600222
600224
600226
600228
600240
600242
600244
600246
600248
600260
600262
600264
600266
600268
600280
600282
600284
600286
600288
600400
600402
600404
600406
600408
600420
600422
600424
600426
600428
600440
600442
600444
600446
600448
600460
600462
600464
600466
600468
600480
600482
600484
600486
600488
600600
600602
600604
600606
600608
600620
600622
600624
600626
600628
600640
600642
600644
600646
600648
600660
600662
600664
600666
600668
600680
600682
600684
600686
600688
600800
600802
600804
600806
600808
600820
600822
600824
600826
600828
600840
600842
600844
600846
600848
600860
600862
600864
600866
600868
600880
600882
600884
600886
600888
602000
602002
602004
602006
602008
602020
602022
602024
602026
602028
602040
602042
602044
602046
602048
602060
602062
602064
602066
602068
602080
602082
602084
602086
602088
602200
602202
602204
602206
602208
602220
602222
602224
602226
602228
602240
602242
602244
602246
602248
602260
602262
602264
602266
602268
602280
602282
602284
602286
602288
602400
602402
602404
602406
602408
602420
602422
602424
602426
602428
602440
602442
602444
602446
602448
602460
602462
602464
602466
602468
602480
602482
602484
602486
602488
602600
602602
602604
602606
602608
602620
602622
602624
602626
602628
602640
602642
602644
602646
602648
602660
602662
602664
602666
602668
602680
602682
602684
602686
602688
602800
602802
602804
602806
602808
602820
602822
602824
602826
602828
602840
602842
602844
602846
602848
602860
602862
602864
602866
602868
602880
602882
602884
602886
602888
604000
604002
604004
604006
604008
604020
604022
604024
604026
604028
604040
604042
604044
604046
604048
604060
604062
604064
604066
604068
604080
604082
604084
604086
604088
604200
604202
604204
604206
604208
604220
604222
604224
604226
604228
604240
604242
604244
604246
604248
604260
604262
604264
604266
604268
604280
604282
604284
604286
604288
604400
604402
604404
604406
604408
604420
604422
604424
604426
604428
604440
604442
604444
604446
604448
604460
604462
604464
604466
604468
604480
604482
604484
604486
604488
604600
604602
604604
604606
604608
604620
604622
604624
604626
604628
604640
604642
604644
604646
604648
604660
604662
604664
604666
604668
604680
604682
604684
604686
604688
604800
604802
604804
604806
604808
604820
604822
604824
604826
604828
604840
604842
604844
604846
604848
604860
604862
604864
604866
604868
604880
604882
604884
604886
604888
606000
606002
606004
606006
606008
606020
606022
606024
606026
606028
606040
606042
606044
606046
606048
606060
606062
606064
606066
606068
606080
606082
606084
606086
606088
606200
606202
606204
606206
606208
606220
606222
606224
606226
606228
606240
606242
606244
606246
606248
606260
606262
606264
606266
606268
606280
606282
606284
606286
606288
606400
606402
606404
606406
606408
606420
606422
606424
606426
606428
606440
606442
606444
606446
606448
606460
606462
606464
606466
606468
606480
606482
606484
606486
606488
606600
606602
606604
606606
606608
606620
606622
606624
606626
606628
606640
606642
606644
606646
606648
606660
606662
606664
606666
606668
606680
606682
606684
606686
606688
606800
606802
606804
606806
606808
606820
606822
606824
606826
606828
606840
606842
606844
606846
606848
606860
606862
606864
606866
606868
606880
606882
606884
606886
606888
608000
608002
608004
608006
608008
608020
608022
608024
608026
608028
608040
608042
608044
608046
608048
608060
608062
608064
608066
608068
608080
608082
608084
608086
608088
608200
608202
608204
608206
608208
608220
608222
608224
608226
608228
608240
608242
608244
608246
608248
608260
608262
608264
608266
608268
608280
608282
608284
608286
608288
608400
608402
608404
608406
608408
608420
608422
608424
608426
608428
608440
608442
608444
608446
608448
608460
608462
608464
608466
608468
608480
608482
608484
608486
608488
608600
608602
608604
608606
608608
608620
608622
608624
608626
608628
608640
608642
608644
608646
608648
608660
608662
608664
608666
608668
608680
608682
608684
608686
608688
608800
608802
608804
608806
608808
608820
608822
608824
608826
608828
608840
608842
608844
608846
608848
608860
608862
608864
608866
608868
608880
608882
608884
608886
608888
